Time(d)	Time (s)	DeltaP
0	0	30
1	86400	30
2	172800	30
3	259200	30
4	345600	30
5	432000	30
6	518400	30
7	604800	30
8	691200	30
9	777600	30
10	864000	30
11	950400	30
12	1036800	30
13	1123200	30
14	1209600	30
15	1296000	30
16	1382400	30
17	1468800	30
18	1555200	30
19	1641600	30
20	1728000	30
21	1814400	-30
22	1900800	-30
23	1987200	-30
24	2073600	-30
25	2160000	-30
26	2246400	-30
27	2332800	-30
28	2419200	-30
29	2505600	-30
30	2592000	-30
31	2678400	-30
32	2764800	-30
33	2851200	-30
34	2937600	-30
35	3024000	-30
36	3110400	-30
37	3196800	-30
38	3283200	-30
39	3369600	-30
40	3456000	-30
41	3542400	-30
42	3628800	-30
43	3715200	-30
44	3801600	-30
45	3888000	-30
46	3974400	-30
47	4060800	-30
48	4147200	-30
49	4233600	-30
50	4320000	-30
51	4406400	-30
52	4492800	-30
53	4579200	-30
54	4665600	-30
55	4752000	-30
56	4838400	-30
57	4924800	-30
58	5011200	-30
59	5097600	-30
60	5184000	-30
61	5270400	-30
62	5356800	-30
63	5443200	-30
64	5529600	-30
65	5616000	-30
66	5702400	-30
67	5788800	-30
68	5875200	-30
69	5961600	-30
70	6048000	-30
71	6134400	-30
72	6220800	-30
73	6307200	-30
74	6393600	-30
75	6480000	-30
76	6566400	-30
77	6652800	-30
78	6739200	-30
79	6825600	-30
80	6912000	-30
81	6998400	-30
82	7084800	-30
83	7171200	-30
84	7257600	-30
85	7344000	-30
86	7430400	-30
87	7516800	-30
88	7603200	-30
89	7689600	-30
90	7776000	-30
91	7862400	-30
92	7948800	-30
93	8035200	-30
94	8121600	-30
95	8208000	-30
96	8294400	-30
97	8380800	-30
98	8467200	-30
99	8553600	-30
100	8640000	-30
